# Press the green button in the gutter to run the script.
if __name__ == '__main__':
    ans = [[4,8,16,18,18,16,8,4],
           [8,16,14,8,8,14,16,8],
           [16,14,4,12,12,4,14,16],
           [18,8,12,8,8,12,8,18],
           [18,8,12,8,8,12,8,18],
           [16,14,4,12,12,4,14,16],
           [8,16,14,8,8,14,16,8],
           [4,8,16,18,18,16,8,4]]
    arr = input().split(" ")
    x = int(arr[0])
    y = int(arr[1])
    print(ans[x - 1][y - 1])